# oST version 5.0 parameters


[image]

width
640

height
480

[narrow_stereo]

camera matrix
665.356489 0.000000 298.938116
0.000000 664.637145 269.016201
0.000000 0.000000 1.000000

distortion
0.094022 -0.181227 0.002622 0.002353 0.000000

rectification
1.000000 0.000000 0.000000
0.000000 1.000000 0.000000
0.000000 0.000000 1.000000

projection
674.393799 0.000000 300.016079 0.000000
0.000000 673.407837 269.946347 0.000000
0.000000 0.000000 1.000000 0.000000
